0.00	2.89
0.01	4.00
0.02	2.34
0.03	1.32
0.04	1.93
0.05	3.44
0.06	3.92
0.07	2.60
0.08	1.96
0.09	3.54
0.10	0.79
0.11	3.21
0.12	3.75
0.13	3.60
0.14	4.97
0.15	4.01
0.16	4.37
0.17	3.79
0.18	3.20
0.19	4.51
0.20	3.56
0.21	3.22
0.22	3.93
0.23	3.12
0.24	4.33
0.25	4.51
0.26	3.25
0.27	2.26
0.28	2.56
0.29	2.57
0.30	2.91
0.31	4.83
0.32	2.52
0.33	2.15
0.34	3.24
0.35	2.82
0.36	3.65
0.37	4.28
0.38	4.39
0.39	2.78
0.40	4.36
0.41	4.42
0.42	3.00
0.43	2.79
0.44	4.17
0.45	3.98
0.46	4.19
0.47	5.57
0.48	2.45
0.49	3.18
0.50	3.60
0.51	2.26
0.52	1.19
0.53	3.07
0.54	3.09
0.55	4.41
0.56	3.97
0.57	2.26
0.58	2.87
0.59	2.93
0.60	3.86
0.61	3.67
0.62	3.16
0.63	4.25
0.64	2.67
0.65	2.53
0.66	4.40
0.67	3.53
0.68	4.71
0.69	2.52
0.70	3.08
0.71	2.58
0.72	5.02
0.73	3.02
0.74	2.60
0.75	4.50
0.76	4.52
0.77	4.60
0.78	4.18
0.79	4.98
0.80	3.01
0.81	4.19
0.82	3.89
0.83	3.70
0.84	3.76
0.85	3.64
0.86	3.03
0.87	4.63
0.88	4.30
0.89	4.52
0.90	3.53
0.91	2.87
0.92	4.96
0.93	4.04
0.94	4.65
0.95	3.18
0.96	4.86
0.97	4.07
0.98	3.72
0.99	5.34
1.00	3.84
1.01	3.04
1.02	4.03
1.03	3.54
1.04	3.28
1.05	4.22
1.06	3.06
1.07	4.90
1.08	5.19
1.09	3.53
1.10	2.45
1.11	3.88
1.12	4.41
1.13	5.75
1.14	1.71
1.15	3.09
1.16	5.28
1.17	4.22
1.18	2.58
1.19	4.71
1.20	3.24
1.21	3.75
1.22	3.44
1.23	5.00
1.24	3.96
1.25	3.27
1.26	5.33
1.27	3.99
1.28	3.62
1.29	4.39
1.30	5.13
1.31	3.65
1.32	5.44
1.33	2.84
1.34	3.77
1.35	4.43
1.36	4.19
1.37	4.78
1.38	4.67
1.39	4.23
1.40	3.19
1.41	4.73
1.42	4.41
1.43	3.98
1.44	4.71
1.45	3.68
1.46	5.36
1.47	4.43
1.48	4.09
1.49	5.06
1.50	4.73
1.51	3.75
1.52	3.58
1.53	3.49
1.54	5.38
1.55	3.40
1.56	4.88
1.57	4.46
1.58	3.46
1.59	3.66
1.60	3.74
1.61	5.15
1.62	3.15
1.63	4.22
1.64	4.94
1.65	5.62
1.66	6.39
1.67	3.72
1.68	4.72
1.69	4.56
1.70	5.31
1.71	4.68
1.72	2.66
1.73	5.29
1.74	5.79
1.75	5.77
1.76	3.21
1.77	3.66
1.78	4.87
1.79	4.96
1.80	4.89
1.81	4.77
1.82	5.56
1.83	4.36
1.84	4.84
1.85	4.80
1.86	4.15
1.87	4.56
1.88	5.22
1.89	5.60
1.90	1.96
1.91	5.58
1.92	4.28
1.93	4.55
1.94	5.33
1.95	2.85
1.96	4.36
1.97	5.33
1.98	4.43
1.99	3.34
2.00	3.76
2.01	4.69
2.02	5.07
2.03	2.98
2.04	5.22
2.05	5.63
2.06	2.16
2.07	6.73
2.08	3.00
2.09	4.40
2.10	5.09
2.11	4.45
2.12	8.69
2.13	5.57
2.14	4.83
2.15	6.06
2.16	5.69
2.17	4.50
2.18	5.21
2.19	4.52
2.20	6.82
2.21	5.51
2.22	4.56
2.23	3.37
2.24	3.79
2.25	6.30
2.26	5.26
2.27	5.67
2.28	6.56
2.29	4.77
2.30	4.62
2.31	2.99
2.32	3.86
2.33	4.31
2.34	5.21
2.35	4.49
2.36	3.14
2.37	5.24
2.38	5.55
2.39	5.12
2.40	4.50
2.41	3.49
2.42	3.78
2.43	4.05
2.44	4.46
2.45	4.64
2.46	3.29
2.47	6.08
2.48	5.08
2.49	4.19
2.50	4.32
2.51	4.29
2.52	5.98
2.53	6.44
2.54	3.74
2.55	5.30
2.56	5.80
2.57	4.85
2.58	5.24
2.59	2.91
2.60	5.08
2.61	6.24
2.62	5.74
2.63	5.42
2.64	4.56
2.65	5.39
2.66	3.79
2.67	4.85
2.68	4.96
2.69	5.49
2.70	5.86
2.71	6.05
2.72	2.74
2.73	5.55
2.74	7.35
2.75	5.18
2.76	4.95
2.77	5.87
2.78	5.10
2.79	6.30
2.80	4.25
2.81	7.97
2.82	4.00
2.83	5.17
2.84	4.36
2.85	6.59
2.86	6.52
2.87	5.84
2.88	4.46
2.89	6.06
2.90	5.76
2.91	4.82
2.92	5.11
2.93	5.89
2.94	5.47
2.95	5.64
2.96	5.19
2.97	5.60
2.98	4.71
2.99	4.61
3.00	5.50
3.01	7.10
3.02	6.99
3.03	4.77
3.04	5.42
3.05	5.63
3.06	4.96
3.07	7.13
3.08	4.74
3.09	4.86
3.10	6.41
3.11	5.73
3.12	5.61
3.13	5.98
3.14	5.43
3.15	7.45
3.16	5.55
3.17	6.45
3.18	5.61
3.19	7.55
3.20	6.56
3.21	4.10
3.22	6.25
3.23	5.93
3.24	3.93
3.25	6.65
3.26	5.28
3.27	5.87
3.28	6.76
3.29	5.74
3.30	6.14
3.31	6.67
3.32	5.51
3.33	5.85
3.34	3.87
3.35	4.43
3.36	6.13
3.37	5.75
3.38	6.38
3.39	5.38
3.40	4.45
3.41	5.43
3.42	5.01
3.43	5.15
3.44	4.41
3.45	5.85
3.46	5.37
3.47	6.10
3.48	4.39
3.49	5.39
3.50	4.47
3.51	6.22
3.52	5.24
3.53	7.12
3.54	4.96
3.55	6.42
3.56	5.06
3.57	7.04
3.58	5.70
3.59	4.80
3.60	5.10
3.61	7.14
3.62	5.11
3.63	7.37
3.64	6.95
3.65	5.72
3.66	4.57
3.67	4.46
3.68	7.24
3.69	4.74
3.70	6.95
3.71	6.36
3.72	5.63
3.73	6.23
3.74	6.18
3.75	3.69
3.76	5.57
3.77	5.52
3.78	5.97
3.79	5.22
3.80	5.43
3.81	5.62
3.82	5.85
3.83	5.92
3.84	5.83
3.85	6.57
3.86	6.96
3.87	6.02
3.88	6.97
3.89	5.26
3.90	6.64
3.91	5.02
3.92	5.82
3.93	6.55
3.94	6.43
3.95	6.35
3.96	5.98
3.97	5.58
3.98	5.83
3.99	6.85
4.00	7.18
4.01	6.95
4.02	6.53
4.03	6.11
4.04	6.66
4.05	5.65
4.06	4.36
4.07	5.19
4.08	6.89
4.09	7.38
4.10	7.30
4.11	6.74
4.12	5.74
4.13	5.97
4.14	5.10
4.15	6.94
4.16	7.80
4.17	6.52
4.18	6.62
4.19	6.09
4.20	7.22
4.21	7.68
4.22	7.76
4.23	7.36
4.24	7.42
4.25	6.15
4.26	6.94
4.27	6.34
4.28	7.52
4.29	6.87
4.30	6.63
4.31	7.34
4.32	3.88
4.33	7.09
4.34	7.41
4.35	6.77
4.36	6.39
4.37	7.06
4.38	5.68
4.39	4.30
4.40	7.17
4.41	5.28
4.42	6.90
4.43	6.27
4.44	6.40
4.45	5.74
4.46	7.02
4.47	4.13
4.48	5.83
4.49	6.65
4.50	5.47
4.51	7.20
4.52	7.77
4.53	7.65
4.54	4.48
4.55	6.39
4.56	9.33
4.57	6.21
4.58	8.66
4.59	7.14
4.60	7.66
4.61	4.39
4.62	6.52
4.63	6.25
4.64	6.75
4.65	6.09
4.66	7.02
4.67	5.72
4.68	7.04
4.69	7.50
4.70	7.54
4.71	6.84
4.72	7.17
4.73	7.03
4.74	6.36
4.75	5.71
4.76	6.13
4.77	6.68
4.78	6.90
4.79	8.85
4.80	6.19
4.81	6.07
4.82	5.22
4.83	6.04
4.84	8.39
4.85	7.62
4.86	8.39
4.87	7.95
4.88	5.39
4.89	6.32
4.90	8.97
4.91	7.47
4.92	7.03
4.93	5.66
4.94	7.79
4.95	7.97
4.96	8.34
4.97	7.46
4.98	6.29
4.99	5.50
5.00	6.27
5.01	6.91
5.02	7.71
5.03	6.58
5.04	8.66
5.05	6.88
5.06	7.21
5.07	6.49
5.08	7.64
5.09	8.77
5.10	7.32
5.11	9.48
5.12	5.22
5.13	6.74
5.14	7.66
5.15	7.41
5.16	7.08
5.17	5.00
5.18	7.46
5.19	7.04
5.20	6.21
5.21	7.34
5.22	7.11
5.23	7.55
5.24	7.44
5.25	6.53
5.26	6.41
5.27	7.05
5.28	7.19
5.29	8.12
5.30	8.60
5.31	7.40
5.32	8.12
5.33	7.79
5.34	7.84
5.35	8.46
5.36	7.92
5.37	7.52
5.38	6.92
5.39	8.62
5.40	8.46
5.41	7.13
5.42	8.84
5.43	7.81
5.44	7.90
5.45	7.35
5.46	6.15
5.47	7.89
5.48	6.38
5.49	6.18
5.50	7.85
5.51	6.97
5.52	7.11
5.53	7.62
5.54	7.95
5.55	6.87
5.56	5.68
5.57	8.53
5.58	6.36
5.59	7.20
5.60	7.21
5.61	8.47
5.62	6.74
5.63	7.90
5.64	8.81
5.65	7.99
5.66	8.10
5.67	10.01
5.68	6.95
5.69	9.10
5.70	7.61
5.71	6.91
5.72	8.70
5.73	6.98
5.74	7.63
5.75	5.34
5.76	6.84
5.77	8.48
5.78	8.63
5.79	8.83
5.80	10.15
5.81	5.13
5.82	7.41
5.83	8.12
5.84	7.02
5.85	9.33
5.86	9.95
5.87	6.86
5.88	8.28
5.89	9.27
5.90	7.86
5.91	7.72
5.92	5.92
5.93	7.18
5.94	8.93
5.95	8.34
5.96	7.04
5.97	8.58
5.98	9.02
5.99	8.39
6.00	9.66
6.01	7.89
6.02	7.30
6.03	8.23
6.04	5.80
6.05	7.11
6.06	7.69
6.07	8.64
6.08	5.82
6.09	8.02
6.10	8.43
6.11	8.89
6.12	9.77
6.13	5.36
6.14	8.33
6.15	9.18
6.16	9.36
6.17	9.16
6.18	6.67
6.19	7.46
6.20	8.11
6.21	8.08
6.22	6.77
6.23	8.93
6.24	9.25
6.25	9.30
6.26	9.30
6.27	9.39
6.28	9.03
6.29	7.04
6.30	9.16
6.31	8.87
6.32	8.06
6.33	7.04
6.34	9.26
6.35	7.02
6.36	9.05
6.37	9.52
6.38	8.61
6.39	8.70
6.40	7.30
6.41	8.81
6.42	8.56
6.43	8.40
6.44	7.51
6.45	8.33
6.46	9.37
6.47	10.95
6.48	8.08
6.49	8.38
6.50	9.14
6.51	8.05
6.52	8.81
6.53	8.45
6.54	7.69
6.55	9.22
6.56	8.52
6.57	8.73
6.58	8.07
6.59	9.89
6.60	9.33
6.61	9.89
6.62	8.10
6.63	8.83
6.64	9.08
6.65	11.26
6.66	8.23
6.67	9.10
6.68	7.16
6.69	7.48
6.70	9.14
6.71	8.18
6.72	9.10
6.73	9.14
6.74	8.55
6.75	9.15
6.76	8.70
6.77	8.13
6.78	7.19
6.79	10.55
6.80	11.49
6.81	7.77
6.82	9.47
6.83	9.55
6.84	9.09
6.85	6.89
6.86	9.59
6.87	6.91
6.88	9.91
6.89	7.22
6.90	9.95
6.91	8.82
6.92	10.70
6.93	8.79
6.94	9.80
6.95	7.29
6.96	8.82
6.97	8.83
6.98	9.54
6.99	8.12
7.00	8.55
7.01	9.72
7.02	8.95
7.03	9.57
7.04	8.38
7.05	10.18
7.06	10.33
7.07	9.24
7.08	9.66
7.09	9.52
7.10	8.88
7.11	10.61
7.12	9.93
7.13	7.97
7.14	8.77
7.15	8.20
7.16	8.45
7.17	10.25
7.18	9.35
7.19	9.57
7.20	10.08
7.21	9.34
7.22	10.94
7.23	9.05
7.24	9.15
7.25	8.31
7.26	8.70
7.27	10.06
7.28	10.44
7.29	8.72
7.30	8.43
7.31	10.64
7.32	9.85
7.33	7.96
7.34	7.90
7.35	9.08
7.36	8.24
7.37	8.93
7.38	8.17
7.39	8.17
7.40	7.22
7.41	9.29
7.42	8.99
7.43	9.78
7.44	8.95
7.45	8.91
7.46	7.44
7.47	9.75
7.48	8.13
7.49	8.01
7.50	10.59
7.51	9.58
7.52	9.55
7.53	11.52
7.54	8.24
7.55	10.66
7.56	9.52
7.57	10.17
7.58	9.14
7.59	9.15
7.60	10.93
7.61	8.42
7.62	7.89
7.63	10.65
7.64	9.68
7.65	11.89
7.66	9.01
7.67	10.68
7.68	9.55
7.69	11.03
7.70	11.24
7.71	8.35
7.72	8.57
7.73	9.08
7.74	9.91
7.75	8.83
7.76	8.87
7.77	9.72
7.78	9.47
7.79	8.95
7.80	10.22
7.81	9.08
7.82	8.44
7.83	8.37
7.84	9.44
7.85	8.82
7.86	9.41
7.87	9.48
7.88	11.52
7.89	10.94
7.90	11.23
7.91	10.14
7.92	9.12
7.93	9.56
7.94	11.34
7.95	11.54
7.96	9.65
7.97	10.76
7.98	11.46
7.99	9.38
8.00	11.02
8.01	9.51
8.02	8.72
8.03	10.56
8.04	8.97
8.05	9.07
8.06	9.41
8.07	10.62
8.08	8.76
8.09	10.52
8.10	9.63
8.11	10.53
8.12	9.23
8.13	8.31
8.14	8.91
8.15	8.81
8.16	9.51
8.17	8.45
8.18	10.60
8.19	8.80
8.20	11.75
8.21	10.86
8.22	10.40
8.23	10.19
8.24	10.21
8.25	10.00
8.26	10.60
8.27	9.83
8.28	10.83
8.29	9.96
8.30	9.06
8.31	9.91
8.32	11.47
8.33	10.21
8.34	10.41
8.35	9.61
8.36	7.96
8.37	8.96
8.38	10.13
8.39	8.87
8.40	10.28
8.41	10.10
8.42	11.01
8.43	10.61
8.44	9.42
8.45	11.45
8.46	9.06
8.47	10.59
8.48	11.02
8.49	10.03
8.50	10.67
8.51	11.02
8.52	11.13
8.53	11.42
8.54	11.26
8.55	11.57
8.56	8.85
8.57	11.96
8.58	10.19
8.59	10.54
8.60	10.32
8.61	11.04
8.62	10.08
8.63	8.85
8.64	10.52
8.65	11.10
8.66	10.63
8.67	10.84
8.68	10.20
8.69	8.72
8.70	9.87
8.71	11.16
8.72	10.48
8.73	10.64
8.74	10.91
8.75	9.66
8.76	11.28
8.77	9.86
8.78	10.90
8.79	11.04
8.80	11.57
8.81	12.59
8.82	11.58
8.83	8.81
8.84	10.11
8.85	9.88
8.86	11.39
8.87	11.42
8.88	9.05
8.89	9.51
8.90	10.81
8.91	9.88
8.92	11.01
8.93	12.81
8.94	10.12
8.95	10.93
8.96	11.37
8.97	11.16
8.98	9.37
8.99	9.17
9.00	10.52
9.01	10.40
9.02	11.12
9.03	12.05
9.04	10.58
9.05	9.80
9.06	9.91
9.07	9.61
9.08	12.27
9.09	10.06
9.10	9.11
9.11	12.23
9.12	11.57
9.13	9.19
9.14	10.49
9.15	11.19
9.16	10.76
9.17	12.14
9.18	9.92
9.19	9.54
9.20	11.24
9.21	11.59
9.22	11.90
9.23	12.24
9.24	9.88
9.25	12.38
9.26	11.86
9.27	10.63
9.28	10.12
9.29	11.12
9.30	12.37
9.31	9.10
9.32	9.64
9.33	11.52
9.34	11.21
9.35	11.43
9.36	10.90
9.37	9.63
9.38	9.60
9.39	11.33
9.40	10.28
9.41	10.99
9.42	10.71
9.43	11.38
9.44	11.74
9.45	12.12
9.46	11.11
9.47	11.37
9.48	10.72
9.49	10.39
9.50	12.46
9.51	10.22
9.52	10.80
9.53	11.69
9.54	9.91
9.55	11.94
9.56	11.06
9.57	12.07
9.58	11.97
9.59	10.61
9.60	12.70
9.61	8.78
9.62	10.09
9.63	11.15
9.64	12.73
9.65	12.16
9.66	9.64
9.67	12.08
9.68	9.85
9.69	12.01
9.70	11.55
9.71	12.42
9.72	9.23
9.73	10.25
9.74	10.26
9.75	9.60
9.76	9.94
9.77	12.55
9.78	11.68
9.79	12.41
9.80	11.99
9.81	13.16
9.82	11.89
9.83	11.78
9.84	11.94
9.85	9.83
9.86	11.55
9.87	9.20
9.88	11.67
9.89	13.08
9.90	11.03
9.91	11.28
9.92	9.59
9.93	10.98
9.94	12.04
9.95	12.10
9.96	12.58
9.97	9.93
9.98	12.70
9.99	11.42
